-156 12 -13 1 49 -22 53 30 -152 128 -118 112 74 197 142 163 -24
-130 117 40 186 -129 -97 73 131 -168 -146 -58 11 41 141 52 -115 -166
75 -19 47 -139 7 -104 -82 101 122 -99 36 -94 11 -74 -200 56 199
-16 104 -185 121 60 -56 73 -173 92 -180 139 58 -6 -26 45 -47 180
-62 -82 -148 -75 -146 -138 181 -39 100 -58 -182 178 -179 31 131 -183 99
-52 -184 167 28 -126 -118 79 -140 109 83 168 29 -62 99 119 -154 -114
177 34 -49 171 -161 112 -74 -84 -110 95 109 163 -27 -29 69 -4 102
198 -122 -108 -40 -192 -191 32 -126 178 148 73 14 57 177 -113 32 158
-63 -58 120 192 158 131 101 -179 180 37 156 61 -57 191 -91 143 -168
104 -60 121 145 107 127 140 -182 -52 99 -166 165 46 171 126 -50 -83
-150 -43 47 121 -137 -17 3 50 70 -157 18 -132 110 97 18 196 63
-167 194 -132 -143 195 -38 -155 -64 -149 178 79 89 65 -69 -145 188 93
-139 -25 179 -26 -64 -126 -114 77 11 -109 -33 129 131 -37 -191 148 122
114 79 159 54 97 101 120 -24 -4 -74 182 88 141 64 -140 -170 -161
97 61 -123 -68 -18 -133 5 -27 -12 -176 -158 20 -22 145 51 -80 133
162 1 -60 -116 -34 -191 -12 -31 44 -5 26 189 -196 -23 -137 -9 -59
126 104 -145 177 115 -42 129 27 -34 74 -105 -18 -199 -170 -181 0 10
-174 -131 -168 117 -32 65 150 -181 -156 -151 105 105 -72 -71 16 131 86
117 -36 20 -129 -58 10 57 68 25 -139 200 53 -61 -109 4 -57 69
-14 -107 30 73 -148 177 171 -174 125 91 -200 -168 124 24 -100 86 -103
114 195 119 -3 124 173 5 -76 73 33 -120 -76 -45 -140 -39 -106 -81
-156 -68 98 124 28 -168 -59 -128 83 -69 191 139 -100 108 -178 54 103
182 29 -129 144 -56 -191 -52 104 -119 -122 39 -19 80 -135 47 11 145
59 49 -166 52 -95 81 176 -180 71 -150 -193 -179 -87 -100 46 -45 96
168 88 72 -144 -70 -86 -184 78 20 85 64 198 -40 -72 127 136 -69
-188 -182 28 -137 34 -122 95 -156 129 -34 -148 -164 -23 152 -85 -104 -165
-175 -73 -64 -180 182 77 -176 -52 -16 54 -82 189 -32 -66 88 -104 63
8 37 135 48 -170 -149 192 -2 65 -18 134 -145 120 -124 184 67 59
69 71 189 148 -18 1 -79 181 -156 92 57 -62 -74 17 160 -167 155
129 -55 106 -77 61 60 -80 -45 13 153 -50 159 -80 -108 -59 -110 -199
40 -136 -151 19 -196 168 -157 98 -173 -64 61 -96 -10 -22 126 -13 35
49 -152 198 96 65 -13 -31 -165 127 -99 -41 -176 -185 180 119 -160 57
-152 197 -145 36 -121 -179 22 183 58 -190 -44 118 -159 -12 -31 -90 -170
85 163 -173 169 -80 -125 8 -194 11 -76 -26 -148 149 177 -134 -88 185
198 -172 -75 -168 89 -77 90 -148 94 192 -128 109 78 194 -2 125 -194
-92 -37 -129 -200 -161 -61 153 63 51 -58 -11 -155 -178 -34 56 104 188
156 165 -175 7 -63 -44 186 -98 -95 138 11 54 62 54 86 35 168
197 113 60 -57 -26 -134 -62 41 144 -84 70 -191 -136 -64 -126 -140 -151
45 -180 -62 117 53 119 -115 18 -26 37 56 -28 107 51 -140 58 -126
-55 -54 -89 -27 177 23 -67 -13 10 -127 -197 -63 -194 -126 160 -16 -4
-88 137 167 -156 -19 -153 75 66 -103 87 -73 31 -119 29 -60 -50 -155
7 67 -15 24 -61 -115 95 58 95 123 1 -184 -171 28 50 10 -187
139 -117 -63 177 31 -10 89 89 -184 98 120 -135 -150 -114 49 123 186
184 103 116 189 -99 167 118 -127 95 165 -6 150 -61 -77 178 -55 -90
150 5 35 84 159 -70 -69 -68 -191 -97 43 104 186 -19 97 -82 12
84 -147 -154 -99 174 108 42 146 26 19 137 -63 -44 63 13 17 194
-146 34 -165 -35 178 159 -144 110 39 137 -5 -9 190 32 -28 -86 -190
-175 -33 -29 12 -98 -5 151 -31 -13 98 69 -88 -116 -174 -6 -101 -159
-128 130 173 187 109 -52 12 -64 -47 -44 13 22 122 -21 -85 37 31
-189 35 -40 140 -132 72 182 -200 145 -29 -116 64 91 123 86 35 -16